Host,business/finance,education/research,entertainment,health/medical,news/press,politics/government/law,sports,tech/science
27997,0.12755937581965385,0.5041580631791405,0.14533812267552804,0.010233406337029105,0.018690308818963216,0.03392097657428648,0.009276878835948922,0.1508228677594499
9316,0.5068659670804008,0.014838156285845922,0.38596096524790147,0.0076709833898796955,0.019337711491204147,0.010353938855462503,0.01272284878986995,0.04224942885943565
27045,0.7466274001613974,0.00878240247768072,0.15084772573062857,0.011822207714716471,0.0234153545576486,0.008017450429689786,0.029805740604332352,0.020681718323906098
19805,0.028922473918989035,0.009003691201226804,0.024425894949568223,0.8800626212715695,0.019735393986499487,0.02009169958670682,0.0067653490014532025,0.01099287608398703
26580,0.0820938760774261,0.39847184496576044,0.28351573985676237,0.012192127379777868,0.01951898235909895,0.03134165236104988,0.006668953012569666,0.16619682398755473
16886,0.12405915395269088,0.018909443638620006,0.7200791749835908,0.011188097562100941,0.02674971363848041,0.019596132933313914,0.010678866063758516,0.06873941722744441
27931,0.4734880129496554,0.01909018401621116,0.32230581476868525,0.014213581507127768,0.03816761655701525,0.09075562014266089,0.011619771481586426,0.030359398577057894
8977,0.14606777895090273,0.169678371917256,0.3006185129018455,0.20301245703488108,0.03661073050939136,0.034009195822161234,0.010602981303218535,0.0993999715603436
20285,0.08650712932631707,0.012027369164120663,0.16844372694262724,0.01804167850081437,0.056675205057568415,0.04570268268621653,0.5976712843105845,0.014930924011751173
2427,0.03954824134470807,0.45778614027410836,0.07777673822207845,0.009620800305184784,0.01112407408189334,0.03560485597936774,0.002802316659926784,0.3657368331327325
1324,0.588925487657093,0.009799340805256232,0.3363213248925714,0.007717099181046833,0.019361247507204467,0.00917364750548518,0.010733817009586078,0.017968035441756937
25006,0.279535290526291,0.10789189411394354,0.4300559485523937,0.012195262514338917,0.020197280567751157,0.0114643655288766,0.011765413594434828,0.12689454460197025
13134,0.2381961151797931,0.01462931925867123,0.09675084378407614,0.011742466514981457,0.019560917453429538,0.5942090329059153,0.0060687376482029915,0.01884256725493011
11834,0.8533043534890105,0.00964320561045488,0.08104260497837769,0.005804978004862188,0.012454164283162346,0.011430283676465217,0.00743736671080999,0.018883043246857138
19930,0.08390267570872871,0.017951636662633906,0.07804821323897451,0.01178204541009771,0.009599118373879865,0.7708746798163051,0.00377600021633792,0.024065630573042257
12212,0.41947838137578913,0.018188306079586006,0.3331408543873954,0.017583550979750395,0.14678496759632406,0.02645671100206632,0.010772349283134145,0.02759487929595455
14062,0.04176284131050927,0.00893755001463253,0.03167324741821692,0.005017459401467509,0.011938141277107463,0.004673214954571753,0.002043631496989055,0.8939539141265055
18965,0.25679841022344807,0.08289912225486847,0.38698205509942657,0.017292173781968418,0.040686780754686167,0.12236506178728208,0.014031931621347254,0.07894446447697298
10744,0.3608634229662214,0.10640124412517067,0.24200866090790876,0.04719738206666492,0.02649381776487954,0.12713229130092749,0.013734370083287767,0.07616881078493941
20664,0.16243840417522493,0.020205182161979515,0.2348697612788809,0.01608549528285125,0.07204127997775263,0.023873556608328413,0.43829498133918116,0.032191339175801206
17021,0.10844315171369004,0.03042669153277348,0.10285352701788035,0.008770731912897237,0.012189143788161244,0.012645934213956923,0.004745008585521406,0.7199258112351193
8212,0.2965401706928764,0.017082696924627452,0.5509089526112954,0.026778585452012012,0.02720912260920678,0.032938071552996814,0.008990005841940117,0.03955239431504518
20736,0.27575672104853843,0.011588739477449466,0.2038493167522822,0.018891250643135855,0.06893924330525088,0.016695545775729365,0.3824759824259746,0.021803200571639182
11963,0.08473716078584399,0.2409746712262542,0.5149095123943853,0.010143783224163988,0.0168804960593232,0.028838290934335598,0.0069234690145669004,0.09659261636112684
12970,0.2501050613969899,0.1041372665590278,0.27857151102180966,0.10780477470361657,0.03645136006996237,0.1150331318889423,0.01688002805815631,0.09101686630149501
19053,0.7442745562013464,0.01574598364672116,0.07320136200133429,0.007300406610292731,0.016979883517971382,0.029384431424978284,0.007199332226036863,0.10591404437131884
20877,0.06812826695174068,0.016331140030890708,0.09284384057488637,0.009492540377882991,0.00986958879832035,0.7753336734949638,0.00391722762578858,0.024083722145526447
6688,0.09098831647665105,0.008268283340394022,0.13951249273730548,0.02253154882795163,0.09241183699844514,0.01826245265042618,0.6149942198321977,0.013030849136628839
1485,0.18686659210014805,0.024166114289290375,0.2696490058710928,0.010263961622094048,0.022593891113564916,0.4367566155331343,0.009245474310471038,0.04045834516020443
9915,0.02289445810298277,0.003967824739426282,0.9569322374140385,0.002486782208600646,0.0025710657316658984,0.003435581112346423,0.001065782038218054,0.006646268652721318
2785,0.16863644896376512,0.02179499414241189,0.6197131587026161,0.01404307980977105,0.04195648935803596,0.024666296350452154,0.021750927841526928,0.08743860483142091
20128,0.08803205208869212,0.5243513100486183,0.08414857011415143,0.008681587758240152,0.013226356031875493,0.02830583491236261,0.006867672719057964,0.24638661632700182
12295,0.8291421445548766,0.01227294398769362,0.06161210405317539,0.008886710989527882,0.01784741900923393,0.021536818813485924,0.0045175264993682785,0.044184332092638376
14567,0.6951704556962766,0.00819543308055866,0.24347345041341134,0.005624513520315216,0.013904080485379222,0.00828487997152806,0.008778238174171898,0.01656894865835903
25052,0.6012672755324766,0.012565257489202777,0.30930294677517717,0.01176049522272343,0.0203052381208358,0.011288340654631763,0.014481250115446057,0.01902919608950625
25689,0.8181325726321079,0.018139262247285362,0.07106043414338462,0.012106879319895179,0.014198580917491363,0.0242868799159166,0.012965659676171502,0.029109731147747432
18873,0.12068588223496728,0.4621648577340225,0.1463356034471425,0.011893902931518707,0.02426677619885818,0.01597991024874918,0.009315535261534657,0.20935753194320691
18451,0.05031066884420602,0.3049737022460229,0.43008612409089875,0.0066547891779603794,0.011876807113809337,0.02643465056388409,0.0033979485985645057,0.16626530936465417
8422,0.3702317078328857,0.025846461905528296,0.1966536111467843,0.009569824141595422,0.00871062947999773,0.008095364526848284,0.002963314118068269,0.37792908684829196
9199,0.04030790430559,0.01121449882225949,0.055062344017197486,0.004773343040852774,0.011683769973098885,0.004998698710179319,0.0028993614599183972,0.8690600796709038
9941,0.13894623236904338,0.02462606512629919,0.05508900949538843,0.00859520486283474,0.010521631833775103,0.01625529683121134,0.004215350736492396,0.7417512087449554
20517,0.19363175327048623,0.009276184525957092,0.7415675365297065,0.00595720624237802,0.011296238182996873,0.008028442899480731,0.013455656716539349,0.01678698163245516
12718,0.14438761336367262,0.48012325255650873,0.13115913295638124,0.009968132581269532,0.02091000081853469,0.035626128644050924,0.010454559535134389,0.16737117954444786
1681,0.19842344728066902,0.015638903616615317,0.6816680632415357,0.010137516001602027,0.025076826632580883,0.023374301017523854,0.01394129718960369,0.03173964501986957
4828,0.05960598347478395,0.4572979161490335,0.06076808867475662,0.007898699855737589,0.009277215881478434,0.024014799203442468,0.002982340268074837,0.3781549564926926
22986,0.8183227001527108,0.010290554509680949,0.06269059748172146,0.007305964406569482,0.015598825416752306,0.019039786954955465,0.008599845453950577,0.05815172562365885
423,0.10713947993238473,0.013258749324864408,0.8131299664564239,0.006200970016848467,0.013777496756470404,0.01980011329187845,0.004150217935875384,0.02254300628525418
19294,0.11673361834656941,0.01158473020246649,0.7643016947494173,0.016312985586817118,0.037203208675805746,0.023923132609724274,0.013071530228661948,0.01686909960053772
6354,0.1293021360847674,0.019989307125499102,0.42175364911756147,0.017444252918754344,0.25244041375021764,0.11037170535955512,0.015120416231431694,0.033578119412213156
4086,0.2042710759960026,0.04342875673513128,0.37334341100638585,0.008337130371331046,0.01645209817412887,0.021188219911610472,0.009131100448942086,0.3238482073564678
3146,0.8644681298524833,0.008031980963388658,0.07909814448672897,0.006575884666339772,0.004867308104436587,0.009423999118318219,0.0026515279449553404,0.024883024863349045
8759,0.2258898178283008,0.10034535606234149,0.2436035667018574,0.017091088315282926,0.03959123656788823,0.27687047864894093,0.00744829947317992,0.08916015640220823
1358,0.5278470966230883,0.014881490500235895,0.2929672557487519,0.015509273141030833,0.08715007799483589,0.02131266555812718,0.018915590608383666,0.02141654982554645
8466,0.28371278581119413,0.01991967668383552,0.11763968021441265,0.019293945752488446,0.022746952120597807,0.5007787305505058,0.009783464541004722,0.02612476432596092
12664,0.48671016838669773,0.08147042115174429,0.1138132345004547,0.02135880959585738,0.015548473194564538,0.02895004582000893,0.00529238781191326,0.24685645953875923
13113,0.04414151909138726,0.16139140069715663,0.04396683286857404,0.003633846134169187,0.00927570653522701,0.712498287021076,0.0013348499987875795,0.02375755765362239
24532,0.9033376038328397,0.007804725137694678,0.051223948680284306,0.004958502509936396,0.006383923542432482,0.007508948263499626,0.0030259114637310124,0.015756436569581714
26881,0.2603317221468132,0.05292064526279457,0.29140908320554565,0.0117743267632182,0.02868815906947971,0.2898489205589195,0.00968516305707418,0.05534197993615504
20970,0.30023836914007435,0.051670499151867444,0.2011455309199925,0.017902136825096008,0.026088818722048372,0.32636131457793993,0.00856206092593075,0.06803126973705062
5951,0.15107163542686283,0.01593516200931374,0.2014872665581296,0.007173239880092793,0.022042018435037652,0.5659216550883285,0.007327657491937141,0.02904136511029784
2547,0.08234632144839413,0.01991062975158468,0.8234913123323111,0.006476058984644119,0.011286936460533045,0.01924764361135214,0.003925196489464937,0.03331590092171598
254,0.5091962044572197,0.009083102353744732,0.3312699816431538,0.029745494354196034,0.04043781107273646,0.009077359024600686,0.05142460324433403,0.019765443850014507
9824,0.6347178562979573,0.014880194694816495,0.23263253917501023,0.016597774356799034,0.030322038507059678,0.018651462412948898,0.012027897729052557,0.04017023682635581
27314,0.05478181007599079,0.4990031351456228,0.05151483054084599,0.015030560984076513,0.010319591540627854,0.08773129636706865,0.0031114211253147955,0.2785073542204527
13643,0.5298060747546536,0.03806116220385452,0.07670054498905929,0.009871069530445045,0.013119584096566906,0.019363105670561962,0.01113894972418302,0.3019395090306757
7998,0.63379585815507,0.0289153918485044,0.09304007727418047,0.026228682652177187,0.02011298125197384,0.13789287385720875,0.004490589045877273,0.05552354591500813
6742,0.8577126883023862,0.012655173906030404,0.07142101083722145,0.005179224707952556,0.013845769968441482,0.012420089081897007,0.004051146282974513,0.022714896913096316
25525,0.3291838471748906,0.05629950147139221,0.34196886794719444,0.01519347483178933,0.02639451376699526,0.02441513757798874,0.01590533394755425,0.1906393232821953
26065,0.06156852374616282,0.5210307671371297,0.07283530930732032,0.014480880152393235,0.013317131112580354,0.03929628624482136,0.005517159964088516,0.27195394233550363
997,0.06313497071139067,0.4241182102225288,0.22004613245741003,0.010052671734557674,0.011214970945755734,0.051207571520411256,0.0026327573017806446,0.21759271510616532
12263,0.8248227005911755,0.01003425645540789,0.03658736978180681,0.011692723749139051,0.009438844889339406,0.0057365793263451205,0.0038433645521807336,0.09784416065460562
61,0.0712743519074949,0.019720323155106523,0.1265481501884512,0.008580922028024667,0.07514474297092602,0.6736165220072766,0.004626527001100835,0.020488460741619224
25885,0.03708086928490514,0.008908832355340568,0.03104210114404784,0.004923652934191883,0.014517884364388445,0.0045847284491790635,0.002485353959216203,0.8964565775087309
2671,0.19300668273413413,0.015221330269908084,0.11627620385991358,0.03746794709851699,0.014163787505512126,0.595275402919694,0.00834466575993539,0.020243979852385602
10244,0.15969554376889872,0.014758454288888992,0.6659416858251251,0.014695852210022195,0.08462826860839316,0.026969943146868902,0.006834670600839994,0.02647558155096285
11011,0.8453431292940969,0.015009091286355811,0.05139579769904603,0.010875041405104053,0.01037168516592243,0.022864838636910488,0.00488384603892667,0.03925657047363755
346,0.1190524591107532,0.011904106446755613,0.7815688058025332,0.017532830162978297,0.013440288898029885,0.009551696570376817,0.004651860172050962,0.042297952836521976
21405,0.13984788066302184,0.02088685082127885,0.7032982644203819,0.010479819425935628,0.02673843917988774,0.022847260200312865,0.014182738221266856,0.06171874706791429
20226,0.09326251810113058,0.469855430848483,0.062169939380307716,0.011595072544871552,0.010919809711279269,0.025501837626132666,0.0074745324661658116,0.31922085932162936
24838,0.4240603087848876,0.020317668668354234,0.41210789503340434,0.01558550196031469,0.02490026586284306,0.02254745944325044,0.017137372383103765,0.0633435278638419
5742,0.13601602880366542,0.4601427435567194,0.15741279929017046,0.00718297330692697,0.014759861045498372,0.06931408711048523,0.007142898630284183,0.14802860825625
4758,0.20385033248977624,0.017601219612689963,0.6202280290510614,0.023871296030911156,0.026412731882012576,0.06371657987378998,0.026100152662844912,0.018219658396913776
15401,0.8982592327612334,0.00689660519678491,0.05235671503559732,0.012202384081365461,0.007197715896685736,0.006198843991155044,0.0029855580127062216,0.013902945024471872
10797,0.7294113743040734,0.010952046536967432,0.12439371179011671,0.02027523040793443,0.012560675640219893,0.008106274103570019,0.008386238544628832,0.08591444867248937
21942,0.09484687702583841,0.013510220193137398,0.06829660358019889,0.7545847768758521,0.019447513044766957,0.02141768799273373,0.007575859741876532,0.020320461545595997
23539,0.49717917723134597,0.025910094730404197,0.21938152245133735,0.011382683491053074,0.11578911828914702,0.07459376911493963,0.01481896151151096,0.04094467318026178
4098,0.05496507783992953,0.4783500290642676,0.12034003447003941,0.0055264500292574546,0.014820753823046828,0.05409914146953297,0.005154211792355484,0.2667443015115707
18289,0.23162055735076467,0.03188841552227815,0.576619803770024,0.027084718616270098,0.043310840191891214,0.039843231183641754,0.010156481881107482,0.039475951484022685
15969,0.09948829672252195,0.008786199041432319,0.8391359702217273,0.00866923183396463,0.00815356941447989,0.007865628268600697,0.003549694870188654,0.02435140962708445
3905,0.03709920016125306,0.3785054094643586,0.05632707111957992,0.17758249354026537,0.010243525894403815,0.031081312742890704,0.0033467889130982414,0.3058141981641503
21989,0.16835381198166868,0.03612418491901544,0.37928872637088196,0.016563011831005198,0.13680682141923758,0.08792319494511562,0.14536565230661225,0.029574596226463246
26547,0.6459384834836894,0.06406975910636972,0.10316550415779117,0.01282658448425596,0.021042347349476975,0.05287960038720679,0.00839773134874884,0.09167998968246115
25153,0.1502864083621794,0.011687288728049998,0.2328482179115415,0.019083822136603028,0.3339560133641054,0.11852960901458591,0.11577053241792845,0.017838108065006304
9706,0.0798049907442198,0.012861590463932034,0.8339653692511183,0.007291466213389171,0.018630999528816434,0.012484073425145884,0.006606038336799122,0.028355472036579326
11655,0.3096047321737831,0.011875314466362424,0.5681688040871542,0.009545293227493425,0.017319087225299835,0.05267786988308033,0.0114470905277387,0.019361808409088056
10887,0.871491560442642,0.011516906330531738,0.04126166789255336,0.017872922830756338,0.008882220574888086,0.014902558947821947,0.0036898288330182035,0.030382334147788414
19087,0.09203291305816083,0.03961306412517731,0.10477014063543097,0.005753495111133024,0.005649280032174364,0.013604361626785222,0.0017996636440020738,0.7367770817671362
22570,0.757835234010276,0.014311421351032413,0.1632280455946646,0.005912176595454239,0.011116128783389337,0.015250605143093404,0.0073009522624355545,0.025045436259654434
16588,0.6225711067320491,0.01099410217730178,0.16246263712739678,0.023197381471000172,0.06043768446254903,0.022257397097917256,0.08128636060807122,0.01679333032371468
19524,0.4054641210406455,0.07051324261155986,0.34895585749718566,0.015300811564965554,0.030499016114752087,0.02091495070198824,0.01611937264647088,0.09223262782243213
27327,0.10996717898457328,0.44714441794170334,0.23429675362005015,0.011282903382559942,0.02179567728186896,0.03993527308533158,0.007969075964044722,0.12760871973986804
9802,0.1438638719558766,0.06355989731230852,0.10609378621708934,0.40186583127541226,0.050659139799096385,0.1757225116615738,0.00635874699038517,0.05187621478825798
15658,0.05755312282618556,0.40860497348168323,0.074829950684453,0.009837983642213662,0.01098991428987678,0.020199701567458032,0.006554287028787531,0.4114300664793421
26686,0.7509014587350727,0.009179724500951027,0.19167311324686762,0.005614082358142701,0.011004117236331861,0.007892182236868713,0.005910783225558158,0.01782453846020706
27649,0.11241092365818126,0.48832114848193875,0.13452107274547867,0.007290628577778492,0.011926099170252412,0.018386789832904316,0.005063189129701128,0.22208014840376497
21404,0.1966098298395192,0.3004991183471207,0.1309802730281705,0.014102728449582765,0.017751885479981726,0.04031319702466311,0.007733110321899804,0.2920098575090622
4928,0.06168579529616709,0.38584561764571246,0.08033317694642278,0.0068034711640766795,0.013007168878424949,0.01694128841776931,0.003483500882218314,0.4318999807692084
8701,0.03658687408514179,0.012004149304703735,0.03790326502648193,0.853562878594482,0.01231381128605941,0.02306902733625701,0.009026913305426265,0.01553308106144804
9444,0.0879185982380128,0.01573956163539227,0.7075923296313416,0.008773322595063412,0.13293740578747046,0.007616820418398854,0.020351165349984924,0.019070796344335714
21570,0.04449074821671508,0.015553013746236905,0.030608092844084472,0.8559382580294554,0.010600899774091127,0.01583276366878227,0.007425731865824961,0.019550491854809705
6154,0.036728303548448256,0.008990706667113527,0.03111009950755858,0.004942084710344535,0.01139115506695073,0.004611662472758049,0.0020058796541241814,0.9002201083727022
10861,0.2746639727843495,0.216215013985087,0.19779492338407315,0.017324449984800018,0.023680391091236742,0.047720532428017035,0.011543262589726867,0.21105745375270962
10233,0.10676206121389427,0.07177041343884868,0.227488448034226,0.28875642732962115,0.14287218708166974,0.09709851489084022,0.007978809395697471,0.057273138615202515
6066,0.2160291403189949,0.05935460244884614,0.25226104028234486,0.15614703761163667,0.033094035780992626,0.2284224911140944,0.011085833753258634,0.043605818689831724
18155,0.17898795302018436,0.2080007142506835,0.2083398399783368,0.0126396450461917,0.033071979600967284,0.21684007806617692,0.0061991343716486375,0.13592065566581082
6871,0.5548031904179707,0.028832335617965738,0.16002532575190437,0.017414440691240284,0.03129255598405477,0.02188327656194315,0.01280446460574949,0.1729444103691716
3553,0.11738202564952165,0.06391694698790591,0.6912040500541426,0.006889184179938691,0.015103306347800226,0.03936127668935576,0.004155431997876265,0.06198777809345886
16463,0.5188576353941146,0.018824368851860653,0.21438528693653786,0.010367226281976599,0.021302884210765843,0.013533449934910787,0.009332644601140205,0.19339650378869344
25967,0.04470186203521193,0.019434129865751902,0.022248981596151546,0.0023653426014172505,0.003415994576226973,0.005811458453834114,0.0008795215983648911,0.9011427092730413
15172,0.7424997901866364,0.0073308598297101915,0.1958165593966382,0.004965906889595967,0.01446574602403467,0.007195801491395648,0.008049055362269044,0.019676280819719803
2591,0.14570863827533287,0.012204951550701794,0.40013502805345436,0.01426645026657294,0.3473911379280843,0.02544778904908087,0.03986118619022004,0.014984818686552792
12863,0.6130907844735477,0.012099937038789416,0.2996925768756744,0.007105945527544897,0.017157339737840165,0.018540755396144484,0.01034361293452123,0.021969048015937652
8090,0.060583388446427924,0.01576507735386185,0.09875232546304638,0.010972917525887641,0.00874631810700019,0.7830938239395322,0.0037646821908782304,0.018321466973365518
21348,0.03672166965725256,0.43503338076116965,0.07692506515503846,0.007320714559042632,0.008245119134200984,0.020523080474590352,0.002542541334858508,0.412688428923847
21588,0.0952466122345691,0.019336025307574944,0.7957434161930552,0.006735121693848538,0.01582695898680995,0.030751899871723894,0.006304360283679616,0.030055605428738797
23497,0.35528767578441545,0.014583618986821914,0.3128577588094776,0.015679157206798022,0.2308051499582878,0.023417393547839564,0.02280225332866313,0.02456699237769653
11245,0.8729537812942052,0.009349474460957076,0.06626544431160139,0.005403064235224249,0.012535250824958382,0.007172597576697716,0.006409689219190204,0.019910698077165716
19097,0.7481104582230367,0.006489471726972847,0.038605668914383835,0.007569837473348187,0.014313091487335838,0.006525118550006402,0.0028211091391450198,0.17556524448577124
9062,0.0946810531475015,0.027486153775743538,0.2050981035703138,0.016336421912949664,0.029224590420342377,0.5978491674522923,0.00562291439450051,0.02370159532635642
11896,0.2751312835880624,0.018422718831875635,0.6136763233438521,0.010753844397635066,0.016368991129073796,0.03260023610769317,0.008965888668794384,0.02408071393301353
11336,0.16340845515079652,0.008292299597542954,0.7742806585532864,0.00461905791209353,0.01637378665885112,0.006514113820517349,0.004575408979868165,0.021936219327043725
14563,0.1439110640448352,0.01130733061193134,0.7763323755801943,0.006679404211038421,0.014993870831218661,0.011387791823343525,0.004226686802939455,0.031161476094499162
7410,0.7679322154173841,0.012380343314813332,0.09171480532549821,0.011949971959909596,0.029138825514710854,0.04806063507910283,0.012671894479742374,0.02615130890883873
19408,0.2661502161132868,0.07877392393520125,0.1315646543379859,0.013646249616738604,0.023093245803129384,0.020520464198743656,0.012499042783510377,0.45375220321140397
2586,0.11090604381104599,0.011451341215810443,0.02349443541919739,0.00550059631389507,0.004018999377196311,0.007191278876997086,0.0015488186676724204,0.8358884863181852
15151,0.20333967963053468,0.17758788652075702,0.20719285039861232,0.015791115030539378,0.020977024576934518,0.03356677271342892,0.014634030881134023,0.32691064024805916
3504,0.048972511683402546,0.4491726727565,0.04950724628674412,0.00587743130856363,0.008313765257113082,0.015921538678323,0.003426548508492539,0.41880828552086113
10419,0.061512474763344094,0.09304797136320153,0.049133488583628156,0.5979646411292794,0.023725745288018685,0.029894341687554303,0.007977105722590925,0.13674423146238285
17618,0.1278903658441864,0.3292060760623233,0.3208335214643007,0.008365223518480139,0.0151557965700723,0.02324644229410838,0.009032839041262735,0.166269735205266
13560,0.21626769836492515,0.01602476499251486,0.5683225564861109,0.011822585702276575,0.133446105306065,0.010447724538038348,0.019361603616789385,0.02430696099327978
13984,0.04382437722588452,0.029865810911880793,0.05213943167766655,0.004338450928386745,0.00827860003601911,0.8451889850459198,0.0015472509390487771,0.014817093235193795
9819,0.14438243458267688,0.4234105269624485,0.09802812608982799,0.009893470350727511,0.01639253722180508,0.03337135157825382,0.005716234899164892,0.26880531831509535
23949,0.08200560964096579,0.043394438376448054,0.668174842575927,0.0047285518894613875,0.010425513815039169,0.007316843435516864,0.0037736813420940762,0.18018051892454767
15002,0.09445177489392267,0.33522038526537734,0.26603601050120745,0.020907452922999236,0.02598368820981725,0.034587559822105006,0.010708126382367962,0.21210500200220314
3875,0.11663026936207506,0.2007923267653477,0.428470033886586,0.03372009534596941,0.036337747997097866,0.032259657158262525,0.008341917107204186,0.14344795237745728
26471,0.14912324020402495,0.04996160473511972,0.27544638330753723,0.3179826871332184,0.050893993606694624,0.09130109043970318,0.007973470688293908,0.05731752988540797
19885,0.3245435903909468,0.061051131071902076,0.4895333241052137,0.013864061572675352,0.020208278062843123,0.018009586443679174,0.005227372027865572,0.06756265632487415
5756,0.12106283883095062,0.04160279337620038,0.10121100907598693,0.5529863703218659,0.03083612221430058,0.10872986942229974,0.009859995619537893,0.03371100113885796
18070,0.1254287492071632,0.021156655352200477,0.15869248691622398,0.009361589033860775,0.012622470813310199,0.6367641053210538,0.006385457104469959,0.029588486251717633
6783,0.15592933411378168,0.02360055996916381,0.7068782194180221,0.0072101569126801655,0.017133391864959987,0.02606610777373854,0.0058271781823872465,0.05735505176526638
15975,0.538560068583853,0.026108558970348222,0.17608085681583469,0.014264610214951628,0.027156875284816657,0.012283619378706857,0.012975408035693558,0.19257000271579544
14779,0.8762562551240783,0.009593201724605219,0.0490835980845328,0.014269213396964847,0.008908789076034507,0.017304354565071237,0.0060137352829700095,0.018570852745743077
19237,0.1076705278165464,0.01097857697059191,0.8204492654669957,0.005184858074401485,0.010054436988696468,0.025197830653583227,0.003815098303813202,0.01664940572537143
26473,0.7768880647144579,0.014086441117798734,0.05738792239343421,0.009283896890930163,0.018532109750918818,0.015361361211137023,0.011050170529228862,0.09741003339209435
21311,0.6001716122927425,0.013155159753789041,0.2524470335477812,0.006592792766037225,0.019840861000024895,0.05581444813551695,0.014356688683209582,0.037621403820898666
27551,0.8215272181227412,0.006262136410785313,0.12098212437638149,0.007576238428076107,0.011057284753874255,0.006541897267308787,0.012876324048821847,0.013176776592010858
2705,0.0730600362099291,0.49452308221804475,0.07290211437640123,0.008519441368954123,0.018568615912864912,0.16702080750542841,0.003209927509885945,0.16219597489849144
12514,0.16533528795870428,0.3538865561313772,0.21731811004940277,0.01779588061264963,0.020476430519710903,0.023423233075093818,0.014846931005958039,0.18691757064710338
26485,0.009945279651203454,0.0035893616044078334,0.011328837118940139,0.0020586744566215517,0.0035634296336311635,0.0020133571369507107,0.0004932865679279392,0.9670077738303171
8906,0.11880058561800426,0.02691740249138628,0.11310940583124404,0.015319920282435001,0.01841245017891355,0.6603704271644426,0.003745965579174222,0.0433238428544001
674,0.09483963272835272,0.5493102455265823,0.08307179946839964,0.009382819896051562,0.016619917519363037,0.024668383737727693,0.008189598385784046,0.21391760273773888
9391,0.7595841075034857,0.012526423771862227,0.06751007341274372,0.005752913145288051,0.014665999365768507,0.01585007679411179,0.009840046738380145,0.11427035926835982
7712,0.6273535879016225,0.0198363849522261,0.19633059240139655,0.009734625868338754,0.023168333297110832,0.06922671382960596,0.010008422072166115,0.04434133967753302
17681,0.270353022896525,0.013135084428139546,0.6575497858866841,0.008513544877219932,0.008772634996892358,0.016467042199690692,0.007008293520857531,0.018200591193990773
15221,0.45809148160313173,0.02351710128784278,0.14569341356264268,0.014256925350715991,0.14930586645124075,0.1456471500958814,0.013228983170410968,0.0502590784781337
11436,0.7589660190247063,0.008059509447131609,0.1942287595779669,0.006402532157909098,0.006159450628427082,0.007171384629286166,0.003805566691922104,0.015206777842650832
23356,0.2787463561593827,0.022418867822577154,0.5815409156977512,0.012176953949306535,0.025164291469401384,0.0372812679592008,0.012419318826185166,0.030252028116195002
25632,0.08416009429032599,0.02051572048089928,0.13206190630888928,0.015757308122881224,0.012344251852305576,0.7033752372878023,0.004466698139488169,0.027318783517408192
11684,0.06764863979703119,0.39708845008491883,0.06717452582121217,0.11125091554810092,0.025014644882860915,0.04716154507621079,0.005175913533929805,0.2794853652557355
14883,0.26184586366085494,0.018773568202008827,0.1306112808865801,0.036377044999852975,0.18101518728221372,0.12354932890833412,0.2279078970636587,0.019919828996496684
20302,0.0700239459757088,0.3126673792556495,0.2065139505487729,0.029516703792810173,0.016865419769604584,0.05522608579203238,0.008158232428789745,0.3010282824366318
21899,0.1700434238092873,0.02855475149297987,0.6081126602095404,0.015082908534208322,0.04028151736065738,0.02237661790666761,0.06805192457971562,0.047496196106943486
15954,0.1257199467564294,0.041192396247370464,0.22861915179967857,0.0235220567545034,0.27457139882263093,0.25737554186126116,0.021490831158819033,0.027508676599307093
16830,0.32113665432071775,0.20963323764783431,0.24478117404492455,0.03938236566508825,0.02724577795286289,0.03089158073894856,0.014016486612636178,0.11291272301698754
12111,0.083512403818685,0.012570541713905323,0.06919121251033769,0.7541870029120288,0.0283164276254588,0.020697257387201178,0.015379362733073299,0.01614579129930998
11862,0.07005279162136817,0.2424238379856737,0.12902237605512104,0.00695719822580477,0.009190268782577605,0.48527621346663175,0.0031039716991202487,0.05397334216370272
26342,0.5697198782312338,0.009825630303911509,0.35072911138306667,0.0073534160264521475,0.016426592679491602,0.010117735069019359,0.009438755138850367,0.026388881167974637
11683,0.8450132300432269,0.010341619068087242,0.07550262052761325,0.007803891174482084,0.01856050417473292,0.014980402536053927,0.00751297503641306,0.02028475743939056
20741,0.046805486809903415,0.5360898019183173,0.06786684092578883,0.005254740207446827,0.007281244965869124,0.015577689914592355,0.0022536232407863654,0.31887057201729585
3927,0.07603699533391568,0.5589285103318392,0.08084047375720371,0.008934565772083998,0.0190422680459117,0.04949393155610778,0.007787510082392259,0.19893574512054557
17864,0.8323546020116138,0.0069395898769164105,0.05142975041813515,0.013889147816892317,0.016938694856235312,0.016020239598085226,0.0063566580996083045,0.05607131732251345
21896,0.05554755675804529,0.5082351311268255,0.04916119236183988,0.006913852302496469,0.012607581370046795,0.04807916514985871,0.0027772962576407953,0.3166782246732465
13268,0.15676327779498567,0.021344196531576737,0.22336838304816387,0.02092176031473452,0.20362765799809845,0.037162224076887254,0.31266717215151213,0.024145328084041358
2521,0.1575020781810689,0.026232797765093924,0.6836073144093529,0.012452156555858582,0.040377879608187076,0.02440385258187665,0.011686957791734853,0.0437369631068272
27553,0.10856928692816963,0.02988916921332451,0.18388703153130878,0.014993501119104389,0.3089312766780016,0.3135019646676363,0.00880475756970699,0.031423012292747896
7341,0.7048333629288372,0.012479227599588666,0.18269328063088613,0.01079097800399956,0.01759246286543158,0.01982714825766308,0.01596706304726493,0.0358164766663288
17027,0.133266026173457,0.03046877644240862,0.2989855525732435,0.011778494752190635,0.3470271081272044,0.12839105570987627,0.009079095627176728,0.041003890594442885
23178,0.12749881431289736,0.09529762332494901,0.5976069679974186,0.013399104608705664,0.03414610749422582,0.05834115689177237,0.0059352845152789825,0.06777494085475215
17738,0.10483698022150087,0.3673239106492515,0.14180160116894464,0.008671316406209283,0.01854802733435062,0.19894635386161413,0.006150028329100774,0.15372178202902825
148,0.8578555821311731,0.009931327484925602,0.060822296916171595,0.005261478928352234,0.019262743534202105,0.011250944645124064,0.004064431905671555,0.031551194454379795
9508,0.023028768981303235,0.003978528021524433,0.955854494562038,0.002511595436378993,0.0033948547070230947,0.0035609480476311408,0.0010782853397968265,0.00659252490430428
10373,0.08025385885057182,0.024553018936779906,0.5788406521550399,0.018823456054330442,0.011761137883169428,0.010290613625225514,0.003751579275331992,0.27172568321955115
25597,0.0910135811431434,0.010041098172383639,0.8488416738010829,0.005092108989554593,0.012993758301163252,0.013443897971696367,0.002411960535346456,0.016161921085629465
16300,0.09175782527973642,0.4479138018295739,0.09711592965465021,0.025304958545899044,0.016046445827666234,0.06632146352504031,0.010174143914608986,0.2453654314228249
27369,0.041916656389150264,0.391112720587744,0.09848598465192966,0.008078206232612215,0.006733976227602846,0.022665281090582017,0.0026547948627581378,0.42835237995762093
23931,0.2991588366410532,0.07965854209111405,0.2253368393580862,0.018256654448111684,0.023386257263967904,0.02702762928979821,0.017502877928177073,0.3096723629796917
2811,0.27949121861956094,0.1573029431160548,0.2909974680433572,0.015414541148554358,0.03189209092156645,0.037550170709775385,0.011390735537843146,0.17596083190328762
27886,0.3174706121544757,0.06693630999208347,0.37671486661195663,0.019772545846880468,0.03736545572651991,0.06165179072898856,0.027890463764749608,0.09219795517434563
11216,0.012754020677100722,0.004054600004596997,0.014139758485747602,0.002530106932451706,0.0024251924269685274,0.0024939060852542027,0.0005404189120363315,0.9610619964758438
26350,0.261389137852044,0.023677597655502227,0.48887462758139594,0.01068321786288309,0.022042539964985626,0.01670904394201089,0.013016610224400666,0.16360722491677757
18496,0.6990697203043703,0.015318628723560504,0.17752870769909274,0.010500815703664079,0.02012160128189152,0.013053718062214536,0.013321009258586234,0.05108579896662006
11059,0.29653190556183195,0.08765356331290294,0.3779160606742754,0.019260040087620646,0.0370687482175974,0.062040334298891595,0.014285938222730032,0.10524340962414999
3724,0.13234222898881853,0.0693929426855903,0.21844552328691372,0.35687083038429945,0.07535942097380251,0.041206140844268956,0.007313363558984235,0.09906954927732226
23381,0.7634539634971825,0.01169455113750898,0.13023067985506248,0.013482052976683987,0.01882828871282144,0.03410531291819487,0.011016650095423318,0.017188500807122333
21234,0.9008947019240334,0.007104038432020746,0.04769081845652199,0.008849182135381094,0.007885637345581498,0.00611166034045135,0.0038531712227949065,0.017610790143214972
938,0.08983836062861038,0.46188315705535576,0.11750156503579764,0.010945087779736847,0.012628972771657176,0.05103424160789545,0.0037951512230844308,0.25237346389786236
4334,0.2086449058912241,0.08668796717131695,0.5024607371814975,0.015000669038566098,0.026308143745763846,0.029767655500176272,0.011808255430385493,0.11932166604106971
4069,0.09975190251930474,0.3954601216800901,0.2160998573957842,0.009581138790310853,0.01407576613703795,0.0252346788539611,0.006402876666069512,0.23339365795744155
24307,0.2165263015744982,0.022972468510354033,0.2306533778825362,0.018979683343913374,0.06480984760427287,0.0184242215784027,0.38971143407700176,0.037922665429020744
22936,0.8377466541351823,0.010263238891536455,0.06302652764567822,0.00947169977585339,0.013431893091529142,0.008659414787376089,0.02045925190739586,0.03694131976544834
25232,0.3370553927876389,0.05147976917596111,0.07570302612019546,0.39467842226077876,0.021183882323834703,0.020091966236098203,0.01576367935207476,0.08404386174341812
15502,0.8263284455476534,0.009094095498687586,0.08553571509995717,0.006546055826956552,0.013602934289160415,0.018606403859720882,0.009771901901927248,0.03051444797593677
19844,0.08161815998558168,0.037453877976153196,0.16085443028537427,0.0097155426604554,0.2724895391899724,0.4176087593646508,0.0031947593800519883,0.01706493115776027
18653,0.07859007751950167,0.008399192488528728,0.8637353353173258,0.005956780004117086,0.01547380848173317,0.006904527385987717,0.004834481017503072,0.01610579778530263
4301,0.043870418796716056,0.3835592645967285,0.055308457382066356,0.011854740606888904,0.009504096495192531,0.02919826014423953,0.0024807660010132348,0.46422399597715486
7442,0.09463466598016146,0.17628607384896589,0.3198250572458556,0.11816780089318187,0.13891186748633638,0.044816274866680564,0.0069182725156363796,0.10043998716318185
20280,0.6564480337426222,0.02184577900986813,0.09354728865485251,0.009995460980215972,0.021245292225202987,0.06551324660079431,0.006755715599518,0.12464918318692597
16866,0.49069223216385927,0.023372288999660415,0.31005321643648565,0.01568553713505317,0.027701283296411416,0.023713720340609798,0.016742346032900833,0.0920393755950195
6461,0.1981199524227581,0.010293732469017455,0.7240335602821167,0.005290345252766381,0.01680044227489722,0.01222077059747817,0.005424588732261711,0.027816607968704256
8166,0.25356349494091596,0.00971992108116373,0.6888176791922874,0.006143169700997717,0.00849345684679668,0.007344449204520487,0.004288346063903466,0.02162948296941456
10390,0.7591945748698841,0.023976777054689244,0.08362073601310385,0.008693467711141423,0.014938212948521804,0.018834939748595847,0.005740200070839382,0.08500109158322433
22095,0.10361338599816428,0.008160836097653161,0.8480533553202289,0.004360694936239119,0.008642284651659166,0.008428601430334737,0.004874250356790498,0.013866591208930195
24640,0.0981194523428011,0.5211062373398727,0.09740050676143544,0.008730743489574918,0.02001159266865135,0.035573015226471896,0.006944169115093617,0.21211428305609886
24001,0.011129035724527104,0.0047578480809756215,0.014720730848863198,0.0028778118144816467,0.0034064077475741807,0.0025414321977109055,0.0005582757055730937,0.9600084578802942
21211,0.10738751691013218,0.4862747014167386,0.08954856619005183,0.01094104917848338,0.016068201424877783,0.03292617522150183,0.0046833863177253125,0.2521704033404891
15052,0.18002360133508272,0.05428534159871905,0.07583631112383003,0.014757425643633184,0.015494118596420737,0.61732467900452,0.00462537641038332,0.037653146287410844
18884,0.9143664479097315,0.006194810485681558,0.03274838693197132,0.010635123553565964,0.006505685052628321,0.00524765053502943,0.0025110784546647264,0.021790817076726938
15944,0.35376145431201045,0.15560475966237503,0.19932075268664246,0.018003776711099408,0.029019178039368217,0.04574962658939906,0.006768858471971987,0.1917715935271334
15267,0.26792428139955493,0.008779070625971672,0.04831425715878203,0.03411981405067534,0.012209128555128956,0.6097382884706565,0.003359983180592925,0.015555176558637768
18620,0.6651783690503784,0.011883263112985697,0.19307846672849518,0.02809015256977897,0.026525623464023124,0.027724800386902827,0.019369900162779726,0.028149424524656203
11754,0.13016178615409071,0.013852758043655383,0.7223459805242209,0.0066080769028375175,0.019711052970640693,0.023268866873652844,0.006241774888681299,0.07780970364222073
17346,0.37574569913288186,0.021684672893425117,0.11581179028762775,0.010447997767700294,0.07711495526480629,0.3598786526796077,0.008031927065914494,0.03128430490803648
16845,0.028975873459288648,0.013869760629462203,0.042574010437638345,0.005214445616488467,0.005806557246644337,0.8929074655415125,0.001303254779049385,0.009348632289916017
13326,0.776909034367025,0.01493508243881882,0.09666741397222627,0.007144734410149833,0.02556288582117532,0.01772821433684043,0.0065188812185636,0.05453375343520069
12083,0.7154250390164096,0.009992760490952874,0.03332673385081328,0.006547724467877862,0.008400435438286436,0.008386266111399584,0.004347739205467104,0.2135733014187932
11926,0.04226531011622216,0.009149593463483567,0.03138789252625651,0.004935054410088626,0.011149810157798309,0.004648783527967003,0.0020221879321192246,0.8944413678660647
23745,0.7074458204455679,0.025262153689069356,0.06628712381221427,0.012630734621826002,0.016108023114108888,0.04731354064536837,0.008319615161238636,0.11663298851060669
